대표식품명,품종명,유통기한(일)
가지,가지,4
갈치,은갈치,
감귤,감귤,14
감귤,레드향,14
감귤,천헤향,14
감귤,하우스감귤,14
감귤,한라향,14
감귤,황금향,14
감자,감자,150
감자,고냉지,150
감자,깐감자,150
감자,돼지감자,150
감자,두백,150
감자,봄감자,150
감자,추백감자,150
감자,호박감자,150
강낭콩,강낭콩,
강낭콩,넝쿨콩,
강낭콩,빨간콩,
강낭콩,줄콩,
강낭콩,풋강낭콩,
거위,거위,
건가공(채)류,노가리채,
건가공(채)류,북어살,
건가공(채)류,북어채,
건가공(채)류,오징어발,
건가공(채)류,오징어채,
건가공(채)류,쥐치채,
건가공(채)류,한치채,
건가공(포)류,갈치포,
건가공(포)류,노가리포,
건가공(포)류,돔포,
건가공(포)류,두절노가리,
건가공(포)류,메기포,
건가공(포)류,뱅어포,
건가공(포)류,북어포,
건가공(포)류,색줄멸포,
건가공(포)류,오징어포,
건가공(포)류,장어포,
건가공(포)류,쥐알포,
건가공(포)류,쥐치포,
건가공(포)류,청어포,
건가공(포)류,학꽁치포,
건가공(해조)류,돌미역,
건가공(해조)류,물미역,
건가공(해조)류,미역귀,
건가공(해조)류,미역줄기,
건가공(해조)류,미역파치,
건가공(해조)류,바람미역,
건가공(해조)류,봉지미역,
건가공(해조)류,쌈다시마,
건가공(해조)류,양식미역,
건가공(해조)류,오리미역,
건가공(해조)류,완도미역,
건가공(해조)류,울산대장각미역,
건가공(해조)류,자연미역,
건가공(해조)류,줄기미역,
건강보조식품,홍삼농축액,
건강보조식품,홍삼액,
건고추,건고추,90
건고추,반양건,90
건고추,양건,90
건고추,청양건고추,90
건고추,햇양건고추,90
건고추,햇화건고추,90
건고추,화건,90
건제품,건당근,
건제품,건바나나,
게,게,3
게,깨다시꽃게,3
게,납작게,3
게,달랑게,3
게,닭게,3
게,대게,3
게,던지네스게,3
게,돌게,3
게,두점박이민꽃게,3
게,맹그로브게,3
게,물맞이게,3
게,민꽃게,3
게,방게,3
게,범게,3
게,붉은대게,3
게,소라게,3
게,수꽃게,3
게,암꽃게,3
게,여섯갈래민꽃게,3
게,왕게,3
게,왕밤송이게,3
게,은행게,3
게,절단꽃게,3
게,점박이꽃게,3
게,조나게,3
게,참게,3
게,청색꽃게,3
게,청색왕게,3
게,칡게,3
게,코코넛게,3
게,털게,3
게,톱날꽃게,3
겨자,겨자,
겨자,적겨자,
겨자,청겨자,
고구마,건고구마,30
고구마,고구마,30
고구마,당근고구마,30
고구마,물고구마,30
고구마,밤고구마,30
고구마,붉은고구마,30
고구마,소담미,30
고구마,자주고구마,30
고구마,절간고구마,30
고구마,풍원미,30
고구마,호박고구마,30
고구마,황금고구마,30
고구마순,건고구마순,
고구마순,고구마순,
고구마순,삶은고구마순,
고구마순,생고구마순,
고구마순,청고구마순,
고구마순,홍고구마순,
고등어,갈고등어,2
고등어,망치고등어,2
고등어,몽치다래,2
고등어,재방어,2
고등어,점고등어,2
고등어,줄무늬고등어,2
고사리,건고사리,
고사리,고사리,
고사리,물고사리,
고사리,북한산고사리,
고사리,생고사리,
고수,고수,
고추냉이,고추냉이,
곡물류,귀리,
곡물류,두류,
곡물류,루핀종실,
곡물류,메밀,
곡물류,밀,
곡물류,보리,
곡물류,수수,
곡물류,쌀,
곡물류,옥수수,
곡물류,조,
곡물류,트리티케일,
곡물류,피,
곡물류,호밀,
곡물제조,감자국수,
곡물제조,감자당면,
곡물제조,고구마당면,
곡물제조,막걸리,
곡물제조,머루주,
곡물제조,무지개떡,
곡물제조,보리밥,
곡물제조,송편,
곡물제조,시루떡,
곡물제조,쌀국수,
곡물제조,쌀밥,
곡물제조,쌀쫄면,
곡물제조,약초주,
곡물제조,영지절편,
곡물제조,오곡밥,
곡물제조,인절미,
곡물제조,절편,
곡물제조,찹쌀떡,
곡물제조,청결미밥,
곡물제조,청주,
곡물제조,콩밥,
곡물제조,포도주,
곡물제조,한과,
곡물제조,함흥냉면,
곡물제조,현미밥,
곤드레나물,곤드레나물,
골뱅이,골뱅이,
곶감,감말랭이,
곶감,고산곶감,
곶감,곶감,
곶감,꽃반시,
곶감,반건시,
곶감,반건시,
곶감,상주곶감,
곶감,함안곶감,
광대버섯,광대버섯,
굴,가시굴,3
굴,갓굴,3
굴,굴,3
굴,깐굴,3
굴,바위굴,3
굴,참굴,3
굴,토굴,3
김,도시락용김,6개월
김,돌김,6개월
김,석태,6개월
김,석태김,6개월
김,식탁용맛김,6개월
김,참김,6개월
김,청태,6개월
김,청태김,6개월
김,파래김,6개월
까나리,까나리,
깻잎,깨송이,7
깻잎,깻단,7
깻잎,깻잎,7
깻잎,깻잎순,7
깻잎,삶은깻잎,7
꽁치,꽁치,
꽈리고추,꽈리고추,7
꽈리고추,왕꽈리,7
꿀벌,  밀감꿀,
꿀벌,  밤꿀,
꿀벌,  생로얄제리,
꿀벌,  아카시아꿀,
꿀벌,  유채꿀,
꿀벌,  크로바꿀,
꿀벌,꿀벌,
꿀벌,로얄제리,
꿀벌,밀랍,
꿀벌,양봉꿀,
꿀벌,프로폴리스,
꿀벌,한봉꿀,
꿀벌,화분,
낙지,낙지,
날치,날치,2
날치,매날치,2
날치,상날치,2
날치,새날치,2
날치,제비날치,2
날치,황날치,2
냉이,냉이,
냉이,황색냉이,
노루궁뎅이버섯,노루궁뎅이버섯,
녹두,녹두,
녹두,무광녹두,
녹두,발아녹두,
녹두,유광녹두,
느타리버섯,느타리버섯,
느타리버섯,병느타리,
느타리버섯,사철느타리,
느타리버섯,수한느타리,
느타리버섯,아위느타리,
느타리버섯,아위느타리×백령버섯,
느타리버섯,애느타리,
느타리버섯,여름느타리,
느타리버섯,원형느타리,
능이버섯,능이버섯,
다시마,다시마,
단감,단감,3
단감,대홍,3
닭고기,날개,3
닭고기,닭다리,3
닭고기,닭고기,3
닭고기,닭발,3
닭고기,아랫날개,3
닭고기,아랫다리,3
닭고기,안심,3
닭고기,윗다리,3
닭고기,윗다리,3
닭고기,통닭,3
당근,꼬마당근,
당근,당근,14
당근,세척당근,14
당근,자색당근,14
당근,흙당근,14
대파,깐대파,14
대파,대파,14
대파,중파,14
도라지,깐도라지,10
도라지,도라지,10
도라지,도라지채,10
도라지,북한산 도라지,10
도라지,생도라지자연산,10
도라지,생도라지재배산,10
도라지,실도라지,10
도루묵,도루묵,
돈육,  삼겹살,2
딸기,딸기,3
딸기,산딸기,3
딸기,왕딸기,3
딸기,플라밍고,3
땅콩,깐땅콩,
땅콩,땅콩,
땅콩,땅콩순,
땅콩,피땅콩,
레몬,라임,8
레몬,레몬,7
리치,리치,
마늘,깐마늘,14
마늘,마늘,14
마늘,마늘쫑,14
마늘,육쪽마늘,14
마늘,주대마늘,14
마늘,쪽마늘,14
마늘,풋마늘,14
만리향,만리향,
망고,망고,3
망고,애플망고,3
망고스턴,망고스턴,
망태버섯,망태버섯,
매실,매실,8
매실,청매실,8
매실,홍매실,8
메론,골든볼,
메론,메론,
메밀,메밀,
메추리,메추리,
멸치,멸치,365
멸치,대멸치,365
명아주,명아주,
명태,명태,
명태,북양명태,
모과,모과,
목련,목련,
목이,건목이버섯,
목이,목이,
목이,임협목이1호,
무,가을무,7
무,고냉지무,7
무,남지무,7
무,단무지무,7
무,달랑무,7
무,동자무,7
무,무,7
무,무말랭이,7
무,무솎음,7
무,봄무,7
무,세척무,7
무,소궁기무,7
무,여름무,7
무,월동무,7
무,자색무,7
무,저장무,7
무,태백무,7
무화과,무화과,
묵나물,묵나물,
문어,대문어,7
문어,모래문어,7
문어,백문어,7
문어,보라문어,7
문어,엔도문어,7
문어,왜문어,7
문어,참문어,7
문어,피문어,7
미나리,돌미나리,4
미나리,미나리,4
미나리,수경미나리,4
미나리,야생미나리,4
미더덕,두줄미더덕,
미더덕,미더덕,
미더덕,상칭미더덕,
미더덕,세줄미더덕,
미더덕,오만등이,
미더덕,주름미더덕,
미역,미역,1년
미역,미역귀,1년
바나나,바나나,3
바지락,바지락,
박하,박하,
방울양배추,방울양배추,
방울토마토,방울토마토,7
배,배,
배추,고냉지배추,21
배추,김장배추,21
배추,배양채,21
배추,배추,21
배추,배추뿌리,21
배추,봄배추,21
배추,생채용 배추,21
배추,쌈배추,21
배추,여름배추,21
배추,우거지,21
배추,월동배추,21
배추,저장배추,21
배추,절임배추,21
버터,버터,180
복분자,복분자,
복숭아,그린황도,3
복숭아,단황도,3
복숭아,백도,3
복숭아,백천황도,3
복숭아,천도복숭아,3
복숭아,복숭아,3
브로코리,브로코리,04월 05일
블루베리,하니베리,7
사과,사과,14
살구,살구,2
상추,상추,2
새우,닭새우,1
새우,새우,1
생강,갈은생강,14
생강,구강,14
생강,깐생강,14
수박,꿀수박,14
수박,노란수박,14
수박,달고나수박,14
수박,무등산수박,14
수박,복수박,14
수박,속노란수박,14
수박,수박,14
숙주나물,숙주나물,2
순무,순무,
시금치,바우새,
식용허브,딜,
식용허브,로즈마리,
식용허브,로케트,
식용허브,바실,
식용허브,식용허브,
식용허브,자소,
식용허브,타이바질(호라파),
식용허브,페파민트,
쌀,쌀,
쌀,쌀겨,
쌀,쑥쌀,
쌀,양조미,
쌀,청결미,
쌀,품질인증미,
쌀,향미,
쌀,혼합미,
쌀,흑미,
쌈채,모듬쌈채,
쌈추,쌈추,
쌈추,적쌈추,
쑥,쑥,
쑥갓,쑥갓,
아몬드,아몬드,
아보카도,아보카도,
아스파라가스,백색,
아스파라가스,아스파라가스,
알로에,알로에,
앵두,앵두,3
양배추,양배추,7
양배추,저장양배추,7
양배추,조생양배추,7
양상추,양상추,7
양송이,양송이,3
양파,건양파,90
양파,깐양파,90
양파,양파,90
어묵,어묵,29
어묵,게맛생선묵,29
어묵,구운어묵,29
어묵,멸치어비,29
어묵,명태어분,29
어묵,상어어유,29
어묵,새우껍질어분,29
어묵,새우맛어묵,29
어묵,어육쏘세지,29
어묵,오징어어묵,29
어묵,정어리어비,29
어묵,주치어유,29
어묵,찐어묵,29
연제품류,갑오징어묵,
연제품류,구운어묵,
연제품류,맛살,
연제품류,부들어묵,
연제품류,새우맛어묵,
연제품류,어육소시지,
연제품류,오징어어묵,
연제품류,찐어묵,
연제품류,튀김어묵,
열무,열무,
열무,열무솎음,
오렌지,오렌지,14
오렌지,천혜향,14
오리,오리,
오리,육용 오리,
오리,종압(종오리),
오리고기,발골용,
오리고기,절단용,
오리고기,통(전체)용,
오이,오이,10
오징어,오징어,2
오징어,오징어발,2
오징어,오징어채,2
옥수수,곡실옥수수,3
옥수수,단옥수수,3
옥수수,미백,3
옥수수,발아옥수수,3
옥수수,볶은옥수수,3
옥수수,옥수수,3
옥수수,옥수수수염,3
옥수수,옥수수쌀,3
옥수수,찰옥수수,3
옥수수,팝콘옥수수,3
옥수수,풋옥수수,3
완두,깐완두,
완두,완두,
완두,풋완두,
완두,피완두,
우럭,우럭,
우렁이,우렁이,
우유,우유,
우엉,우엉,
우엉,우엉잎,
우엉,우엉채,
우엉,통우엉,
유채,사료용,
유채,식용,
유채,유채,
유채,유채잎,
유채,홍채태,
유청,유청,
유크림,유크림,
육가공품,돈육포,
육가공품,베이컨,
육가공품,본인햄,
육가공품,소시지,
육가공품,안심햄,
육가공품,우육포,
육가공품,혼합프레스햄,
율무,개량율무,
율무,율무,
율무,율무쌀,
은비늘치,은비늘치,
자두,자두,
자몽,자몽,14
자연산송이,양식송이,
자연산송이,자연산송이,
전복,깐전복,1
전복,마대오분자기,1
전복,말전복,1
전복,오분자기,1
전복,왕전복,1
전복,참전복,1
전복버섯,백복신,
전복버섯,적복령,
전분 및 사료제조,감자전분,
전분 및 사료제조,고구마전분,
전분 및 사료제조,도토리전분,
전분 및 사료제조,메밀묵,
전분 및 사료제조,메주가루,
전분 및 사료제조,솔잎가루,
전분 및 사료제조,쌀가루,
전분 및 사료제조,쌀엿,
전분 및 사료제조,쑥가루,
전분 및 사료제조,옥수수전분,
전분 및 사료제조,전통엿,
전분 및 사료제조,찹쌀엿,
전분 및 사료제조,찹쌀조청엿,
전분 및 사료제조,호박물엿,
절임식품,김밥단무지,
절임식품,깻잎김치,
절임식품,도라지장아찌,
절임식품,마늘쫑,
절임식품,맛단무지,
절임식품,썬단무지,
절임식품,썬오이지,
절임식품,양파,
절임식품,얼갈이김치,
절임식품,오이피클,
절임식품,절임식품,
절임식품,참외지,
절임식품,포기김치,
조기,굴비,
조기,백조기,
조기,보리조기,
조기,부세,
조기,수조기,
조기,참조기,
조기,황석어,
조란,계란,
조란,꿩알,
조란,메추리 알,
조란,오리 알,
조미가공,가자미,
조미가공,건과류,
조미가공,고등어,
조미가공,김,
조미가공,꼴뚜기,
조미가공,꽃게,
조미가공,도루묵,
조미가공,돌김,
조미가공,명태포,
조미가공,문어,
조미가공,바지락,
조미가공,방어,
조미가공,보리멸포,
조미가공,붕장어,
조미가공,새우,
조미가공,오징어,
조미가공,장어,
조미가공,조개살,
조미가공,쥐치,
조미가공,청어,
조미가공,학꽁치,
조미제품,간장메주,
조미제품,마늘다대기,
조미제품,볶음고추장,
조미제품,생고추장,
조미제품,전통고추장,
조미제품,참깨소금,
조미제품,초피가루,
조미제품,홍고추다대기,
주스,당근쥬스,7
주스,딸기쥬스,7
주스,복숭아쥬스,7
주스,사과쥬스,7
주스,토마토쥬스,7
주스,파인애플쥬스,7
주스,포도쥬스,7
참외,노랑참외,7
참외,만리장성,7
참외,부자꿀,7
참외,참외,7
참외,칠성꿀,7
참외,팔복꿀,7
참외,하늘애,7
찹쌀,발아찰현미,
찹쌀,찹쌀,
찹쌀,현미찹쌀,
채소,꽃토마토,
채소,도라지,
채소,딸기,
채소,채소,
채소,토마토,
천리향,천리향,
청각,청각,
청경채,적채심,7
청경채,채심,7
청경채,청경채,7
체리,체리,5
취나물,건취나물,
취나물,곰취나물,
취나물,삶은취나물,
취나물,생취나물,
취나물,취나물,
치즈,치즈,30
치커리,치커리,7
치커리,치콘,7
치커리,트레비스,7
치커리,프라스타,7
칠면조,칠면조,2
커피나무,커피나무,
커피나무,커피아라바카,
커피류,발아생두,
커피류,생두,
케일,그린로즈,
케일,레드케일,
케일,로얄채,
케일,로즈,
케일,백로즈,
케일,쌈케일,
케일,적로즈,
케일,컬트케일,
케일,케일,
코코넛,코코넛,
콩,갓끈콩,
콩,발아콩,
콩,밤콩,
콩,백태,
콩,서리태,
콩,서목태,
콩,선비태,
콩,아주까리콩,
콩,알록콩,
콩,약콩,
콩,양태,
콩,울콩,
콩,장단콩,
콩,청태,
콩,콩,
콩,콩나물콩,
콩,풋청태,
콩,풋콩,
콩,호랑이콩,
콩,황태,
콩,흑태,
콩나물,콩나물,3
토마토,마스카라,5
토마토,완숙토마토,5
토마토,찰토마토,5
토마토,토마토,5
파인애플,파인애플,
파파야,파파야,
파프리카,노랑파프리카,8
파프리카,녹색파프리카,8
파프리카,미니파프리카,8
파프리카,빨강파프리카,8
파프리카,오렌지파프리카,8
파프리카,토마피파프리카,8
파프리카,파프리카,8
팽이버섯,팽이버섯,7
팽이버섯,황금송이,7
페페로미아,페페로미아,
포도,거봉,7
포도,샤인마스캇,7
포도,진옥,7
포도,청수,7
포도,청포도,7
포도,톰슨시들레스,7
포도,포도,7
표고버섯,건표고버섯,8
표고버섯,동고건표고,8
표고버섯,백화고건표고,8
표고버섯,생표고,8
표고버섯,표고버섯,8
표고버섯,향고건표고,8
표고버섯,향신건표고,8
표고버섯,화고건표고,8
표고버섯,흑화고건표고,8
풋고추,가지고추,
풋고추,풋고추,
피망,피망,
한우,   꽃등심살,2
한우,   도가니,2
한우,   도가니살,2
한우,   뒷사태,2
한우,   사골,2
한우,   살치살,2
한우,   안창살,2
한우,   앞사태,2
한우,   윗등심살,2
한우,   치마살,2
한우,   토시살,2
한우,   홍두께살,2
한우,목심살,2
한우,안심살,2
한우,참갈비,2
한우,채끝살,2
한우,한우,2
허브,바질,5
허브,허브,5
호두,깐호두,
호두,호두,
호두,황금,
호박,단호박,
호박,애호박,
호박,청호박,
호박,풋호박,
호박,호박,
홍고추,홍고추,
홍고추,홍청양,
홍삼,중미삼,
홍삼,홍삼,
강냉이,강냉이,
팝콘,캐러멜팝콘,
강냉이,튀밥,
팝콘,팝콘,
마카롱,마카롱,
마카롱,라즈베리마카롱,
마카롱,레몬마카롱,
마카롱,바닐라마카롱,
마카롱,초콜릿마카롱,
마카롱,커피마카롱,
바게트,바게트,
바게트/치아바타,마늘빵,
베이글,베이글,
베이글,블루베리베이글,
베이글,어니언베이글,
빵,또띠아,7
빵,통밀또띠아,7
빵,마들렌,7
빵,아이스슈,7
빵,초코아이스슈,7
빵,추로스,7
빵,쌀추로스,7
빵,건포도빵,7
빵,꽃빵,7
빵,단팥붕어빵,7
빵,단팥빵,7
빵,롤빵,7
빵,하드롤빵,7
빵,모닝빵,7
빵,모카빵,7
빵,바나나빵,7
빵,번,7
빵,소보루빵,7
빵,슈,7
빵,초코슈,7
빵,슈크림빵,7
빵,옥수수빵,7
빵,와플,7
빵,생크림와플,7
빵,초코와플,7
빵,잼빵,7
빵,치즈볼,7
빵,핫도그빵,7
빵,햄버거빵,7
빵,호밀빵,7
스낵과자,감자스낵,
스낵과자,감자칩,
스낵과자,옥수수스낵,
식빵,식빵,
식빵,옥수수식빵,
식빵,우유식빵,
식빵,통밀식빵,
전통과자,약과,
전통과자,유과,
젤리,과일젤리,
카스텔라,카스텔라,
당류가공품,엿,
당류가공품,올리고당,
당류가공품,요거트분말,
당류가공품,원당,
당류가공품,캐러멜소스,
물엿,물엿,
물엿,쌀조청,
시럽,딸기시럽,
시럽,메이플시럽,
시럽,아가베시럽,
시럽,초코시럽,
잼,감귤잼,365
잼,딸기잼,365
잼,블루베리잼,365
잼,사과잼,365
잼,포도잼,365
두부,두부,14
두부,두부/칼슘강화,14
두부,건두부,14
두부,검은깨두부,14
두부,비지,14
두부,순두부,14
두부,연두부,14
묵,도토리묵,
묵,메밀묵,
유부,유부,
마가린,마가린,
국수,밀면,
국수,치자국수/건면,
기타 건면,칡냉면/건면,
기타 건면,함흥냉면/건면,
기타 라면,컵라면,
당면,납작당면,
당면,양장피,
라면,봉지라면,
칼국수,수제비,
칼국수,쌀수제비,
칼국수,찹쌀수제비,
과·채음료,매실음료,
과·채음료,배음료,
과·채음료,자두음료,
과·채음료,코코넛밀크,
과·채음료,파인애플음료,
과·채음료,포도음료,
과·채주스,과채주스,
과·채주스,감귤주스,
과·채주스,당근주스,
과·채주스,딸기넥타,
과·채주스,딸기주스,
과·채주스,딸기바나나주스,
과·채주스,레몬주스,
과·채주스,망고주스,
과·채주스,복숭아넥타,
과·채주스,블루베리주스,
과·채주스,사과주스,
과·채주스,살구넥타,
과·채주스,석류주스,
과·채주스,아로니아주스,
과·채주스,애플망고주스,
과·채주스,오렌지주스/가당,
과·채주스,오미자주스,
과·채주스,유자주스,
과·채주스,자두주스,
과·채주스,자몽주스,
과·채주스,채소주스,
과·채주스,청포도주스,
과·채주스,키위주스,
과·채주스,파인애플넥타,
과·채주스,파인애플주스,
과·채주스,한라봉주스,
과·채주스,혼합베리주스,
농축음료,딸기스무디,
농축음료,망고스무디,
농축음료,오렌지스무디,
두유,두유,
두유,두유/칼슘강화,
두유,검은참깨두유,
두유,검은콩두유,
두유,검은콩두유/칼슘강화,
두유,바나나두유,
발효음료,식혜,
발효음료,단호박식혜,
액상음료,깔라만시에이드,
액상음료,레몬에이드,
액상음료,사과에이드,
액상음료,자몽에이드,
액상음료,과일젤리음료,
액상음료,과채음료,
액상음료,쌀음료,
액상음료,식초음료,
유산균음료,유산균음료,
탄산음료,사이다,
탄산음료,요구르트 소다,
고추장,고추장,540
고추장,보리고추장,540
고추장,쌀고추장,540
고추장,찹쌀고추장,540
고추장,볶음고추장,540
고추장,비빔냉면장,540
국간장,국간장,
된장,된장,
된장,일본된장,
된장,청국장,
진간장,간장,
진간장,간장/저염,
춘장,춘장,
혼합장,쌈장,
혼합장,초고추장,
마요네즈,마요네즈,
분말스프,쇠고기수프,
분말스프,양송이수프,
분말스프,크림수프,
소금,죽염,
소금,허브소금,
소스/드레싱,우동장국소스,
소스/드레싱,불고기소스,
소스/드레싱,갈릭소스,
소스/드레싱,스테이크소스,
소스/드레싱,겨자소스,
소스/드레싱,고기소스,
소스/드레싱,고추마늘소스,
소스/드레싱,과일스테이크소스,
소스/드레싱,굴소스,
소스/드레싱,깐풍기소스,
소스/드레싱,데리야끼소스,
소스/드레싱,데미글라스소스,
소스/드레싱,돈가스소스,
소스/드레싱,돼지갈비소스,
소스/드레싱,두반장소스,
소스/드레싱,떡볶이소스,
소스/드레싱,레몬소스,
소스/드레싱,로제스파게티소스,
소스/드레싱,마늘콩소스,
소스/드레싱,마파두부소스,
소스/드레싱,매운돼지갈비소스,
소스/드레싱,머스터드드레싱,
소스/드레싱,머스터드소스,
소스/드레싱,미트스파게티소스,
소스/드레싱,바비큐소스,
소스/드레싱,발사믹소스,
소스/드레싱,발사믹크림소스,
소스/드레싱,불닭소스,
소스/드레싱,브라운소스,
소스/드레싱,사워크림소스,
소스/드레싱,살사소스,
소스/드레싱,소갈비양념,
소스/드레싱,스리라차소스,
소스/드레싱,스위트칠리소스,
소스/드레싱,아이올리소스,
소스/드레싱,간장찜닭소스,
소스/드레싱,양념치킨소스,
소스/드레싱,오리엔탈소스,
소스/드레싱,우스터소스,
소스/드레싱,잠발라야소스,
소스/드레싱,제육볶음소스,
소스/드레싱,중화매실소스,
소스/드레싱,칠리소스,
소스/드레싱,케찹탕수육소스,
소스/드레싱,크림스파게티소스,
소스/드레싱,타르타르소스,
소스/드레싱,탄두리소스,
소스/드레싱,토마토소스,
소스/드레싱,핫소스,
소스/드레싱,허니머스터드소스,
소스/드레싱,홀그레인머스터드소스,
소스/드레싱,홀스래디쉬소스,
소스/드레싱,훈제향소스,
소스/드레싱,레몬드레싱,
소스/드레싱,망고드레싱,
소스/드레싱,발사믹드레싱,
소스/드레싱,사우전드아일랜드드레싱,
소스/드레싱,스위트크림드레싱,
소스/드레싱,시저드레싱,
소스/드레싱,양파드레싱,
소스/드레싱,오렌지샐러드드레싱,
소스/드레싱,오리엔탈드레싱,
소스/드레싱,요거트드레싱,
소스/드레싱,이탈리안드레싱,
소스/드레싱,자몽드레싱,
소스/드레싱,참깨흑임자드레싱,
소스/드레싱,케이준드레싱,
소스/드레싱,콘샐러드드레싱,
소스/드레싱,콜슬로드레싱,
소스/드레싱,크림드레싱,
소스/드레싱,키위드레싱,
소스/드레싱,파인애플드레싱,
소스/드레싱,허니머스터드드레싱,
소스/드레싱,허니요거트드레싱,
소스/드레싱,와사비/페이스트,
소스/드레싱,과립형육수,
소스/드레싱,냉면육수,
소스/드레싱,멸치육수,
소스/드레싱,북어육수,
소스/드레싱,사골엑기스,
소스/드레싱,사골육수/액상,
소스/드레싱,소고기육수,
소스/드레싱,어묵육수,
소스/드레싱,맛술,
소스/드레싱,카레소스,
식초,식초,
식초,발사믹식초,
식초,사과식초,
식초,현미식초,
토마토케첩,토마토케첩,
복합조미식품,닭육수,
복합조미식품,라면수프,
복합조미식품,사천자장소스,
복합조미식품,쇠고기분말,
복합조미식품,자장가루,
복합조미식품,카레가루,
복합조미식품,크림스파게티소스,
천연향신료,바질가루,
천연향신료,산초가루,
천연향신료,생강가루,
천연향신료,생강페이스트,
천연향신료,올스파이스,
천연향신료,정향,
천연향신료,검은후추,
천연향신료,흰후추,
과·채당절임,매실청,
과·채당절임,유자청,
단무지/피클,무쌈,
단무지/피클,채소피클,
피클,무피클,
피클,오이피클,
장아찌,간장깻잎장아찌,
장아찌,고추장아찌,
장아찌,된장깻잎장아찌,
장아찌,마늘장아찌,
장아찌,마늘종장아찌,
장아찌,명이나물절임,
장아찌,무장아찌,
장아찌,오이지,
장아찌,울외장아찌,
김치,갓김치,
김치,고들빼기김치,
김치,깍두기,
김치,나박김치,
김치,동치미,
김치,배추김치,
김치,무말랭이무침,
김치,무생채,
김치,백김치,
김치,열무김치,
김치,열무물김치,
김치,오이소박이,
김치,총각김치,
김치,파김치,
청주,청주,
견과류,꿀아몬드,
견과류,맛밤,
견과류,모둠견과,
과일가공품,백도통조림,
과일가공품,황도통조림,
과일가공품,파인애플통조림,
과일가공품,후르츠칵테일통조림,
두류가공품,두부가스,
두류가공품,콩고기,
두류가공품,콩고기가스,
두류가공품,콩고기너겟,
부침가루/튀김가루/믹스,부침가루,
부침가루/튀김가루/믹스,튀김가루,
부침가루/튀김가루/믹스,감자부침가루,
부침가루/튀김가루/믹스,치킨튀김가루,
부침가루/튀김가루/믹스,베이킹파우더,
부침가루/튀김가루/믹스,머핀/가루,
부침가루/튀김가루/믹스,초코쿠키/가루,
부침가루/튀김가루/믹스,핫케이크/가루,
부침가루/튀김가루/믹스,초코핫케이크/가루,
시리얼,귀리시리얼,
시리얼,그래놀라시리얼,
시리얼,쌀시리얼,
시리얼,아몬드시리얼,
시리얼,옥수수시리얼,
시리얼,초코시리얼,
시리얼,코코넛시리얼,
시리얼,현미시리얼,
채소가공품,채소튀김,
채소가공품,베이크드 빈스,
채소가공품,양파링,
채소가공품,옥수수통조림,
채소가공품,완두콩통조림,
채소가공품,죽순통조림,
채소가공품,토마토통조림,
채소가공품,토마토페이스트,
채소가공품,연근부각,
채소가공품,우엉부각,
기타 농산가공품,보릿가루,
기타 농산가공품,메밀전병,
기타 농산가공품,김치메밀전병,
기타 농산가공품,김치전,
기타 농산가공품,부추전,
기타 농산가공품,파전,
베이컨,베이컨,
베이컨,베이컨칩,
소시지,마늘소시지,39
소시지,모둠햄소시지,39
소시지,비엔나소시지,39
소시지,채소소시지,39
소시지,치즈소시지,39
소시지,프랑크소시지,39
햄,김밥햄,10
햄,돼지고기햄,10
햄,마늘햄,10
햄,스모그햄,10
햄,슬라이스햄,10
햄,쵸핑햄,10
햄,통조림햄,10
햄,훈제닭고기,10
햄,훈제오리고기,10
기타 식육가공품,육포,
기타 식육가공품,닭갈비,
기타 식육가공품,닭꼬치/생것,
기타 식육가공품,떡갈비,
기타 식육가공품,고추순살치킨,
기타 식육가공품,눈꽃치킨,
기타 식육가공품,바비큐치킨,
기타 식육가공품,닭날개튀김,
기타 식육가공품,닭다리튀김,
기타 식육가공품,찜닭,
기타 식육가공품,바비큐폭립,
기타 식육가공품,갈비산적,
기타 식육가공품,고기말이,
기타 식육가공품,깐풍기,
기타 식육가공품,꿔바로우/칼슘강화,
기타 식육가공품,동그랑땡,
기타 식육가공품,두부동그랑땡,
기타 식육가공품,닭고기완자,
기타 식육가공품,고기완자,
기타 식육가공품,치즈너겟,
기타 식육가공품,치킨너겟,
기타 식육가공품,돈가스,
기타 식육가공품,돈가스/칼슘강화,
기타 식육가공품,치즈돈가스,
기타 식육가공품,치즈치킨가스,
기타 식육가공품,치킨가스,
기타 식육가공품,팝콘치킨,
기타 식육가공품,탕수육,
기타 식육가공품,탕수육/칼슘강화,
기타 식육가공품,햄버거패티,
기타 식육가공품,치킨패티,
기타 식육가공품,치킨가라아게,
기타 식육가공품,치킨텐더,
기타 식육가공품,채소고기말이,
기타 식육가공품,닭강정,
양념육,오리불고기,
달걀/메추리알,달걀말이,
달걀/메추리알,달걀지단,
달걀/메추리알,스크램블에그,
달걀/메추리알,오믈렛,
달걀/메추리알,치즈오믈렛,
달걀/메추리알,피자오믈렛,
가공우유,검은콩우유,
가공우유,딸기우유,
가공우유,바나나우유,
가공우유,시리얼우유,
가공우유,우유/저지방,
가공우유,초코우유,
가공우유,커피우유,
농후발효유,그릭요거트,
농후발효유,딸기호상요구르트,
농후발효유,망고호상요구르트,
농후발효유,복숭아호상요구르트,
농후발효유,사과호상요구르트,
농후발효유,블루베리호상요구르트,
농후발효유,플레인호상요구르트/가당,
발효유,플레인액상요구르트,14
발효유,복숭아액상요구르트,14
발효유,딸기액상요구르트,14
발효유,망고액상요구르트,14
발효유,블루베리액상요구르트,14
발효유,사과액상요구르트,14
발효유,산양유액상요구르트,14
발효유,포도액상요구르트,14
버터,버터/가염,
버터,버터/무염,
버터,땅콩버터,
연유,연유,
유크림,생크림,
치즈,모짜렐라치즈,
치즈,스트링치즈,
치즈,슬라이스치즈,
치즈,체다치즈,
치즈,카테지치즈,
치즈,크림치즈,
치즈,파마산치즈,
농후발효유,플레인호상요구르트/무가당,
고등어,고등어구이,2
골뱅이,골뱅이통조림,
꽁치,꽁치통조림,
어묵,어묵,29
어묵,가마보꼬,29
어묵,게맛살,29
어묵,어두부전,29
어묵,오징어어묵,29
어묵,잡채어묵,29
어육가공품,어육소시지,
어육가공품,감자말이새우튀김,
어육가공품,새우튀김,
어육가공품,오징어튀김,
어육가공품,왕새우튀김,
어육가공품,새우가스,
어육가공품,생선가스,
어육가공품,오징어가스,
어육가공품,클로렐라생선가스,
어육가공품,새우너겟,
어육가공품,새우완자,
어육가공품,해물완자,
어육가공품,새우동그랑땡,
어육가공품,해물동그랑땡,
어육가공품,해물전,
어육가공품,새우탕수육,
어육가공품,새우패티,
연어,훈제연어,
조미건어포,명엽채,
조미건어포,오징어실채,
조미건어포,진미채,
참치,고추참치통조림,
참치,참치통조림,
젓갈/액젓,멸치액젓,
젓갈/액젓,새우젓,
감자튀김,감자튀김,
감자튀김,매쉬드포테이토,
감자튀김,해시브라운,
국,콩국,
국,닭개장,
국/탕류,삼계탕,
만두,갈비만두,3
만두,감자만두,3
만두,고기만두,3
만두,김치만두,3
만두,납작만두,3
만두,만두,3
만두,물만두,3
만두,버섯만두,3
만두,부추만두,3
만두,새알만두,3
만두,새우만두,3
만두,오징어만두,3
만두,왕만두,3
만두,잡채만두,3
만두,채소만두,3
만두,해물만두,3
만두,군만두,3
만두,김치군만두,3
만두,새우군만두,3
만두,피자군만두,3
만두,해물군만두,3
만두,춘권,3
만두,딤섬,3
만두,새우딤섬,3
만두피,만두피,
반찬,돼지고기장조림,
반찬,쇠고기장조림,
반찬,우엉조림,
버거,치즈버거,
버거,햄버거,
샌드위치,에그샌드위치,
샌드위치,치킨샌드위치,
샌드위치,쇠고기샌드위치,
샌드위치,참치샌드위치,
샌드위치,햄치즈샌드위치,
샐러드,감자샐러드,3
샐러드,고구마샐러드,3
샐러드,단호박샐러드,3
샐러드,코울슬로우,3
순대,순대,
순대,찰순대,
스프,감자수프,
스프,브로콜리수프,
스프,옥수수수프,
스프,크림수프/액상,
주먹밥/초밥,주먹밥,
주먹밥/초밥,참치김치삼각김밥,
죽,전복죽,
튀김,고추잡채김말이,
튀김,김말이튀김,
튀김,치즈스틱,
함박스테이크,고구마햄버그스테이크,
함박스테이크,두부스테이크,
함박스테이크,햄버그스테이크,
함박스테이크,연어스테이크,
함박스테이크,오리스테이크,
함박스테이크,찹스테이크,
함박스테이크,치즈햄버그스테이크,
미트볼,미트볼,
미트볼,두부미트볼,
미트볼,콩고기미트볼,
